1 0.65703125 0.298515625 0.2359375 0.049359375
9 0.66959375 0.343234375 0.0685 0.03725
6 0.67371875 0.39640624999999996 0.08275 0.047
13 0.67871875 0.44048437500000004 0.08004687499999999 0.037375000000000005
10 0.674703125 0.48448437499999997 0.081828125 0.04334375
2 0.6779843750000001 0.52959375 0.08156250000000001 0.04278125
9 0.13265625 0.360921875 0.059 0.038421875
6 0.14078125 0.40840624999999997 0.0744375 0.0454375
10 0.1453125 0.49453125 0.0875 0.046890625000000005
13 0.147578125 0.45228124999999997 0.081171875 0.04190625
2 0.1817234375 0.511275 0.1953125 0.5498203125 0.1149734375 0.561353125 0.1081015625 0.51913125
1 0.017178125 0.285409375 0.2163265625 0.3001734375 0.221234375 0.3399421875 0.0209828125 0.33061406249999997