1 0.65625 0.346875 0.2078125 0.0390625
9 0.639546875 0.36964687500000004 0.6983953125 0.36777187499999997 0.6981609375 0.39615 0.640015625 0.3989640625 0.6393125000000001 0.36894375
7 0.6394984375 0.40822812500000005 0.6817296875000001 0.407271875 0.682003125 0.42234375 0.6392249999999999 0.4227203125
11 0.6386437500000001 0.47328281250000004 0.682515625 0.47246249999999995 0.6812859375 0.48654374999999994 0.638096875 0.48763750000000006
9 0.10683125 0.3816046875 0.15814843750000002 0.3825 0.1594203125 0.41125156250000006 0.10651406249999999 0.41099687500000004
8 0.6600937499999999 0.431171875 0.042640625 0.01571875
12 0.6603125000000001 0.495375 0.043046875 0.01653125
14 0.66346875 0.44731249999999995 0.035359375 0.015046875000000001
15 0.6635156249999999 0.4639375 0.035812500000000004 0.016515625
4 0.661484375 0.5125625 0.028671875000000003 0.016078125
3 0.658 0.528796875 0.035359375 0.016421875
1 0.119265625 0.359375 0.199484375 0.040625